2
4*5
1
7
2
2*3
1
17
1
2
1
3
1
2
1
19
3
2*3*4
1
1009
1
2
1
3
2
22*23
1
1013
2
2*3
1
5
1
2
1
3
1
2
1
1019
3
3*4*5
1
1021
1
2
1
3
1
2
1
5
2
2*3
1
13
1
2
1
3
1
2
1
1031
3
2*3*4
1
1033
1
2
1
3
1
2
1
17
2
2*3
1
1039
2
4*5
1
3
1
2
1
7
2
2*3
1
5
1
2
1
3
1
2
1
1049
3
5*6*7
1
1051
1
2
1
3
1
2
1
5
3
2*3*4
1
7
1
2
1
3
2
4*5
1
1061
2
2*3
1
1063
2
7*8
1
3
1
2
1
11
2
2*3
1
1069
1
2
1
3
1
2
1
29
2
2*3
1
5
1
2
1
3
1
2
1
13
4
2*3*4*5
1
23
1
2
1
3
1
2
1
5
2
2*3
1
1087
2
16*17
1
3
1
2
1
1091
2
2*3
1
1093
1
2
1
3
1
2
1
1097
2
2*3
1
7
2
4*5
1
3
1
2
1
1103
3
2*3*4
1
5
1
2
1
3
1
2
1
1109
2
2*3
1
11
1
2
1
3
1
2
1
5
2
2*3
1
1117
1
2
1
3
2
4*5
1
19
2
2*3
1
1123
1
2
1
3
1
2
1
7
3
2*3*4
1
1129
1
2
1
3
1
2
1
11
2
2*3
1
5
1
2
1
3
1
2
1
17
3
3*4*5
1
7
1
2
1
3
1
2
1
5
2
2*3
1
31
1
2
1
3
1
2
1
1151
3
2*3*4
1
1153
1
2
1
3
1
2
1
13
2
2*3
1
19
2
4*5
1
3
1
2
1
1163
2
2*3
1
5
1
2
1
3
1
2
1
7
2
2*3
1
1171
1
2
1
3
1
2
1
5
3
2*3*4
1
11
1
2
1
3
2
4*5
1
1181
2
2*3
1
7
1
2
1
3
1
2
1
1187
2
2*3
1
29
2
34*35
1
3
1
2
1
1193
2
2*3
1
5
1
2
1
3
1
2
1
11
4
2*3*4*5
1
1201
1
2
1
3
1
2
1
5
2
2*3
1
17
1
2
1
3
2
10*11
1
7
2
2*3
1
1213
1
2
1
3
1
2
1
1217
2
2*3
1
23
2
4*5
1
3
1
2
1
1223
3
2*3*4
1
5
1
2
1
3
1
2
1
1229
2
2*3
1
1231
2
7*8
1
3
1
2
1
5
2
2*3
1
1237
1
2
1
3
2
4*5
1
17
2
2*3
1
11
1
2
1
3
1
2
1
29
3
2*3*4
1
1249
1
2
1
3
1
2
1
7
2
2*3
1
5
1
2
1
3
1
2
1
1259
3
3*4*5
1
13
1
2
1
3
1
2
1
5
2
2*3
1
7
1
2
1
3
1
2
1
31
3
2*3*4
1
19
2
13*14
1
3
1
2
1
1277
2
2*3
1
1279
2
4*5
1
3
1
2
1
1283
2
2*3
1
5
1
2
1
3
2
7*8
1
1289
2
2*3
1
1291
1
2
1
3
1
2
1
5
3
2*3*4
1
1297
1
2
1
3
2
4*5
1
1301
2
2*3
1
1303
1
2
1
3
1
2
1
1307
2
2*3
1
7
1
2
1
3
1
2
1
13
2
2*3
1
5
1
2
1
3
1
2
1
1319
4
2*3*4*5
1
1321
1
2
1
3
1
2
1
5
2
2*3
1
1327
1
2
1
3
1
2
1
11
2
2*3
1
31
1
2
1
3
1
2
1
7
2
2*3
1
13
2
4*5
1
3
1
2
1
17
3
2*3*4
1
5
1
2
1
3
1
2
1
19
2
2*3
1
7
1
2
1
3
1
2
1
5
2
2*3
1
23
1
2
1
3
2
4*5
1
1361
2
2*3
1
29
1
2
1
3
1
2
1
1367
3
2*3*4
1
37
1
2
1
3
1
2
1
1373
2
2*3
1
5
1
2
1
3
1
2
1
7
3
3*4*5
1
1381
1
2
1
3
1
2
1
5
2
2*3
1
19
1
2
1
3
1
2
1
13
3
2*3*4
1
7
1
2
1
3
1
2
1
11
2
2*3
1
1399
2
4*5
1
3
1
2
1
23
2
2*3
1
5
2
37*38
1
3
1
2
1
1409
2
2*3
1
17
1
2
1
3
1
2
1
5
3
2*3*4
1
13
1
2
1
3
2
4*5
1
7
2
2*3
1
1423
1
2
1
3
1
2
1
1427
2
2*3
1
1429
2
10*11
1
3
1
2
1
1433
2
2*3
1
5
1
2
1
3
1
2
1
1439
5
2*3*4*5*6
1
11
1
2
1
3
1
2
1
5
2
2*3
1
1447
1
2
1
3
1
2
1
1451
2
2*3
1
1453
1
2
1
3
2
7*8
1
31
2
2*3
1
1459
2
4*5
1
3
1
2
1
7
3
2*3*4
1
5
1
2
1
3
1
2
1
13
3
5*6*7
1
1471
1
2
1
3
1
2
1
5
2
2*3
1
7
1
2
1
3
2
4*5
1
1481
2
2*3
1
1483
1
2
1
3
1
2
1
1487
3
2*3*4
1
1489
1
2
1
3
1
2
1
1493
2
2*3
1
5
1
2
1
3
1
2
1
1499
1
100000
1
100001
2
2*3
1
100003
1
2
1
3
1
2
1
100007
3
2*3*4
1
7
1
2
1
3
1
2
1
100013
2
2*3
1
5
2
7*8
1
3
1
2
1
100019
3
3*4*5
1
100021
1
2
1
3
1
2
1
5
2
2*3
1
23
1
2
1
3
1
2
1
100031
3
2*3*4
1
100033
1
2
1
3
1
2
1
7
2
2*3
1
100039
2
4*5
1
3
1
2
1
100043
2
2*3
1
5
1
2
1
3
1
2
1
100049
2
2*3
1
7
1
2
1
3
1
2
1
5
3
2*3*4
1
100057
1
2
1
3
2
4*5
1
13
2
2*3
1
47
1
2
1
3
1
2
1
11
2
2*3
1
100069
1
2
1
3
2
7*8
1
19
2
2*3
1
5
1
2
1
3
1
2
1
7
5
2*3*4*5*6
1
41
1
2
1
3
1
2
1
5
2
2*3
1
13
1
2
1
3
1
2
1
100091
2
2*3
1
7
1
2
1
3
2
16*17
1
100097
2
2*3
1
31
2
4*5
1
3
1
2
1
100103
3
2*3*4
1
5
1
2
1
3
1
2
1
100109
2
2*3
1
11
1
2
1
3
1
2
1
5
2
2*3
1
53
1
2
1
3
2
4*5
1
7
2
2*3
1
59
1
2
1
3
1
2
1
100127
3
2*3*4
1
100129
1
2
1
3
1
2
1
11
2
2*3
1
5
1
2
1
3
1
2
1
13
3
3*4*5
1
100141
1
2
1
3
1
2
1
5
2
2*3
1
17
1
2
1
3
1
2
1
100151
3
2*3*4
1
100153
1
2
1
3
1
2
1
47
2
2*3
1
37
2
4*5
1
3
1
2
1
7
2
2*3
1
5
1
2
1
3
1
2
1
100169
3
5*6*7
1
109
1
2
1
3
1
2
1
5
3
2*3*4
1
7
1
2
1
3
2
4*5
1
17
2
2*3
1
100183
2
7*8
1
3
1
2
1
19
2
2*3
1
100189
1
2
1
3
2
31*32
1
100193
2
2*3
1
5
1
2
1
3
1
2
1
11
4
2*3*4*5
1
97
1
2
1
3
1
2
1
5
2
2*3
1
100207
1
2
1
3
2
10*11
1
23
2
2*3
1
100213
1
2
1
3
1
2
1
13
2
2*3
1
7
2
4*5
1
3
1
2
1
31
3
2*3*4
1
5
1
2
1
3
1
2
1
73
2
2*3
1
113
2
67*68
1
3
1
2
1
5
2
2*3
1
100237
1
2
1
3
2
4*5
1
59
2
2*3
1
11
1
2
1
3
1
2
1
7
3
2*3*4
1
17
1
2
1
3
1
2
1
29
2
2*3
1
5
1
2
1
3
1
2
1
107
3
3*4*5
1
7
1
2
1
3
1
2
1
5
2
2*3
1
100267
1
2
1
3
1
2
1
100271
3
2*3*4
1
197
1
2
1
3
2
43*44
1
149
2
2*3
1
100279
2
4*5
1
3
2
13*14
1
17
2
2*3
1
5
1
2
1
3
1
2
1
7
2
2*3
1
100291
1
2
1
3
1
2
1
5
3
2*3*4
1
100297
1
2
1
3
2
4*5
1
19
2
2*3
1
7
1
2
1
3
1
2
1
37
2
2*3
1
11
1
2
1
3
1
2
1
100313
2
2*3
1
5
1
2
1
3
1
2
1
43
4
2*3*4*5
1
13
1
2
1
3
1
2
1
5
2
2*3
1
41
1
2
1
3
1
2
1
7
2
2*3
1
100333
1
2
1
3
1
2
1
269
2
2*3
1
19
2
4*5
1
3
1
2
1
100343
3
2*3*4
1
5
1
2
1
3
1
2
1
23
2
2*3
1
17
2
7*8
1
3
1
2
1
5
2
2*3
1
100357
1
2
1
3
2
4*5
1
100361
2
2*3
1
100363
1
2
1
3
1
2
1
167
3
2*3*4
1
29
1
2
1
3
1
2
1
7
2
2*3
1
5
1
2
1
3
1
2
1
100379
3
3*4*5
1
37
1
2
1
3
1
2
1
5
2
2*3
1
7
1
2
1
3
1
2
1
100391
3
2*3*4
1
100393
1
2
1
3
1
2
1
11
2
2*3
1
13
1
1000000000
1
1000000001
2
2*3
1
1000000003
1
2
1
3
1
2
1
1000000007
3
2*3*4
1
1000000009
1
2
1
3
1
2
1
1000000013
2
2*3
1
5
1
2
1
3
1
2
1
1000000019
3
3*4*5
1
1000000021
1
2
1
3
1
2
1
5
2
2*3
1
13
1
2
1
3
1
2
1
1000000031
3
2*3*4
1
1000000033
1
2
1
3
1
2
1
1000000037
2
2*3
1
19
2
4*5
1
3
1
2
1
7
2
2*3
1
5
1
2
1
3
1
2
1
23
3
5*6*7
1
1000000051
1
2
1
3
1
2
1
5
3
2*3*4
1
7
1
2
1
3
2
4*5
1
17
2
2*3
1
1000000063
2
7*8
1
3
1
2
1
11
2
2*3
1
29
1
2
1
3
1
2
1
37
2
2*3
1
5
1
2
1
3
1
2
1
13
5
2*3*4*5*6
1
1000000081
1
2
1
3
1
2
1
5
2
2*3
1
1000000087
1
2
1
3
1
2
1
79
2
2*3
1
1000000093
1
2
1
3
1
2
1
1000000097
2
2*3
1
7
